0.01256637 3.224893 2.1570355
0.01777153 3.219759 2.271651
0.02176559 3.217178 2.3583743
0.02750596 3.216398 2.4660706
0.0307812 3.219064 2.5157458
0.0370831 3.209114 2.555767
0.04111144 3.205895 2.5446517
0.04644893 3.203159 2.4978731
0.05282921 3.21045 2.4520426
0.05926639 3.195566 2.4340882
0.06642477 3.198577 2.5031177
0.0747433 3.200992 2.6455037
0.08421239 3.205414 2.7708972
0.09469034 3.226319 2.7646918
0.1059869 3.238131 2.6177011
0.1187764 3.238637 2.5634598
0.1332777 3.245067 2.7294425
0.1498589 3.287256 2.8333936
0.1681857 3.331532 2.7376376
0.1889443 3.340198 2.767348
0.212111 3.381067 2.8486717
0.237798 3.425495 2.8379013
0.2668243 3.465537 2.8833716
0.2993631 3.513124 2.908352
0.3358317 3.557004 2.93946
0.3765776 3.599833 2.9663232
0.4224484 3.643651 2.9942566
0.4739281 3.680075 3.016836
0.5318645 3.713066 3.035884
0.5968594 3.7332 3.047054
0.6697705 3.74773 3.053969
0.7515581 3.748289 3.051873
0.8431464 3.733191 3.039886
0.9460552 3.707075 3.019288
1.06148 3.663243 2.9875916
1.190867 3.595632 2.9412489
1.336204 3.511797 2.8820968
1.499246 3.412625 2.8137235
1.682185 3.307403 2.740672
1.887502 3.193688 2.6627996
2.117809 3.086994 2.5877641
