0.01779928 26911.8104494978 26 55787759.6127307 56499286.4614575 2.2708115
0.03251477 19764.8854464286 96 7954021.87082643 8873723.79433972 2.5124618
0.04821939 13461.8196526228 242 1563566.10089899 1751480.72487479 2.4904215
0.06355376 10815.6962681362 374 647910.341783922 765112.207170602 2.4737425
0.08071725 8172.97633454241 764 188027.334435776 269781.381050931 2.7189057
0.1012865 5687.78694252232 1442 53562.2471945582 89814.1039725 2.6846957
0.1273924 4374.93912360491 2942 16654.368708983 39793.0518113637 2.6569766
0.1603813 3109.81637834821 5866 5855.54439489784 17630.8237877074 2.782291
0.2021667 2290.20343917411 11830 2355.40032414422 9021.53959865057 2.8104493
0.2547376 1686.87256891741 23506 1157.17402807842 4965.7852556975 2.8627482
0.3206741 1269.42911690848 46796 666.711748191464 2888.57970079844 2.9254559
0.4035222 975.176405747768 93122 428.159532402864 1809.39946330757 2.9818604
0.5079783 764.38889015067 186406 277.901263232353 1156.62394354486 3.02749
0.6396373 608.394094196429 372032 175.376258430393 746.390281423641 3.050931
0.8051724 487.749245479911 740728 105.689553281062 473.362815118766 3.045177
1.013564 389.282894335937 1479286 57.5448405237943 285.422626596399 3.001622
1.276023 305.646363504464 2951714 27.2622740890947 158.353863155413 2.9084193
1.606413 233.664604575893 5888614 11.1819110417932 80.3238974586167 2.7734706
2.022342 172.557543610491 11749776 4.07984656653466 37.3959132117498 2.6218504
