# # SP(k) power_law reference boost factor at z=0.25 (a=0.8)
# # relation parameters: SO=200, fb_a=0.4, fb_pow=0.3, fb_pivot=10**13.5
# # columns: k (h/Mpc), f_spk(k,z=0.25)
1.000000000000000021e-02 1.000008851496990481e+00
1.020995074687873136e-02 1.000009145492362084e+00
1.042430942536896367e-02 1.000009449010310636e+00
1.064316858032408539e-02 1.000009762332766838e+00
1.086662269958361439e-02 1.000010085747187416e+00
1.109476825476631706e-02 1.000010419546352836e+00
1.132770374291978098e-02 1.000010764028121724e+00
1.156552972904448251e-02 1.000011119495135992e+00
1.180834888951059515e-02 1.000011486254476223e+00
1.205626605638633608e-02 1.000011864617257773e+00
1.230938826269703697e-02 1.000012254898164032e+00
1.256782478863439738e-02 1.000012657414909967e+00
1.283168720873588062e-02 1.000013072487628829e+00
1.310108944005471815e-02 1.000013500438174940e+00
1.337614779134118151e-02 1.000013941589335209e+00
1.365698101325642060e-02 1.000014396263938288e+00
1.394371034964060445e-02 1.000014864783854707e+00
1.423645958985738681e-02 1.000015347468879323e+00
1.453535512223733117e-02 1.000015844635476991e+00
1.484052598864346595e-02 1.000016356595390787e+00
1.515210394018236609e-02 1.000016883654093025e+00
1.547022349408491357e-02 1.000017426109064855e+00
1.579502199178131616e-02 1.000017984247896230e+00
1.612663965819537484e-02 1.000018558346182918e+00
1.646521966228360265e-02 1.000019148665206359e+00
1.681090817884548644e-02 1.000019755449382819e+00
1.716385445163133572e-02 1.000020378923452524e+00
1.752421085777512016e-02 1.000021019289396351e+00
1.789213297358015556e-02 1.000021676723053865e+00
1.826777964168583082e-02 1.000022351370418505e+00
1.865131303964463402e-02 1.000023043343583273e+00
1.904289874993888784e-02 1.000023752716313385e+00
1.944270583146746195e-02 1.000024479519209919e+00
1.985090689253346877e-02 1.000025223734438251e+00
2.026767816536423697e-02 1.000025985289984209e+00
2.069319958219583561e-02 1.000026764053403960e+00
2.112765485295510504e-02 1.000027559825027890e+00
2.157123154457251529e-02 1.000028372330577398e+00
2.202412116196022021e-02 1.000029201213151087e+00
2.248651923069034525e-02 1.000030046024536157e+00
2.295862538140899800e-02 1.000030906215792603e+00
2.344064343602258321e-02 1.000031781127058261e+00
2.393278149569368074e-02 1.000032669976521849e+00
2.443525203068433113e-02 1.000033571848501612e+00
2.494827197208555544e-02 1.000034485680569629e+00
2.547206280547286567e-02 1.000035410249654255e+00
2.600685066652798014e-02 1.000036344157051893e+00
2.655286643866809973e-02 1.000037285812273025e+00
2.711034585272505820e-02 1.000038233415646349e+00
2.767952958871710764e-02 1.000039184939596870e+00
2.826066337975742179e-02 1.000040138108512888e+00
2.885399811814427090e-02 1.000041090377110420e+00
2.945978996367848088e-02 1.000042038907199338e+00
3.007830045425496576e-02 1.000042980542751536e+00
3.070979661877634020e-02 1.000043911783164097e+00
3.135455109243696220e-02 1.000044828754609538e+00
3.201284223442741467e-02 1.000045727179356581e+00
3.268495424811031919e-02 1.000046602342941959e+00
3.337117730371912810e-02 1.000047449059066729e+00
3.407180766363297059e-02 1.000048261632088042e+00
3.478714781028179742e-02 1.000049033816971411e+00
3.551750657673676675e-02 1.000049758776559328e+00
3.626319928004238802e-02 1.000050429036015931e+00
3.702454785734810710e-02 1.000051036434293383e+00
3.780188100489788317e-02 1.000051572072468087e+00
3.859553431993781314e-02 1.000052026258783089e+00
3.940585044560327571e-02 1.000052388450241914e+00
4.023317921884789899e-02 1.000052647190574850e+00
4.107787782147820366e-02 1.000052790044419826e+00
4.194031093435946628e-02 1.000052803527535561e+00
4.282085089485899304e-02 1.000052673032876704e+00
4.371987785759483963e-02 1.000052382752352864e+00
4.463777995855974096e-02 1.000051915594095009e+00
4.557495348269057639e-02 1.000051253095050496e+00
4.653180303495600689e-02 1.000050375328732422e+00
4.750874171503631505e-02 1.000049260807950757e+00
4.850619129567040888e-02 1.000047886382351869e+00
4.952458240474727491e-02 1.000046227130605647e+00
5.056435471122067149e-02 1.000044256247081043e+00
5.162595711492689449e-02 1.000041944922858805e+00
5.270984794038772320e-02 1.000039262220945080e+00
5.381649513468260426e-02 1.000036174945555079e+00
5.494637646947485299e-02 1.000032647505360250e+00
5.609997974727948256e-02 1.000028641770597027e+00
5.727780301206178426e-02 1.000024116923967865e+00
5.848035476425734319e-02 1.000019029305278861e+00
5.970815418030624849e-02 1.000013332249786613e+00
6.096173133679682471e-02 1.000006975920256336e+00
6.224162743931496711e-02 9.999999071327696498e-01
6.354839505609816142e-02 9.999920691763426461e-01
6.488259835659541952e-02 9.999834016264740333e-01
6.624481335503545898e-02 9.999738401527711318e-01
6.763562815910864612e-02 9.999633163208564435e-01
6.905564322387035270e-02 9.999517573888065947e-01
7.050547161097467375e-02 9.999390860984390672e-01
7.198573925335080559e-02 9.999252204618077622e-01
7.349708522543667299e-02 9.999100735433537057e-01
7.504016201908574046e-02 9.998935532382092761e-01
7.661563582526655092e-02 9.998755620472389305e-01
7.822418682167692205e-02 9.998559968494755701e-01
7.986650946639621551e-02 9.998347486726919531e-01
8.154331279770293817e-02 9.998117024629356031e-01
8.325532074018732187e-02 9.997867368539470334e-01
8.500327241729042915e-02 9.997597239374688138e-01
8.678792247040507946e-02 9.997305290355562590e-01
8.861004138467658275e-02 9.996990104760926643e-01
9.047041582164344620e-02 9.996650193728165990e-01
9.236984895886179991e-02 9.996283994112635796e-01
9.430916083666067429e-02 9.995889866421279191e-01
9.628918871217706510e-02 9.995466092836494676e-01
9.831078742082394184e-02 9.995010875347219992e-01
1.003748297453477684e-01 9.994522334005165876e-01
1.024822067926339508e-01 9.993998505324955817e-01
1.046338283784233741e-01 9.993437340847782790e-01
1.068306234201064769e-01 9.992836705888884508e-01
1.090735403377637303e-01 9.992194378489727136e-01
1.113635474636258255e-01 9.991508048596373648e-01
1.137016334601311657e-01 9.990775317485783846e-01
1.160888077467598645e-01 9.989993697462090649e-01
1.185261009358292428e-01 9.989160611844856152e-01
1.210145652774393676e-01 9.988273395271237698e-01
1.235552751137597854e-01 9.987329294333557872e-01
1.261493273428538897e-01 9.986325468573230557e-01
1.287978418922420820e-01 9.985258991851148069e-01
1.315019622024066470e-01 9.984126854113514193e-01
1.342628557204480488e-01 9.982925963570807859e-01
1.370817144041060198e-01 9.981653149305829142e-01
1.399597552363620045e-01 9.980305164324944078e-01
1.428982207508458779e-01 9.978878689064354379e-01
1.458983795682740614e-01 9.977370335360743470e-01
1.489615269441497414e-01 9.975776650892830277e-01
1.520889853279618065e-01 9.974094124097340197e-01
1.552821049341252257e-01 9.972319189559522012e-01
1.585422643249074226e-01 9.970448233874784627e-01
1.618708710055933864e-01 9.968477601974305990e-01
1.652693620321468992e-01 9.966403603903376540e-01
1.687392046316290861e-01 9.964222522037272656e-01
1.722818968356424618e-01 9.961930618715130192e-01
1.758989681270752281e-01 9.959524144268045998e-01
1.795919801004230987e-01 9.956999345413394265e-01
1.833625271359745346e-01 9.954352473983012484e-01
1.872122370881514897e-01 9.951579795948881646e-01
1.911427719883011522e-01 9.948677600705867485e-01
1.951558287622426613e-01 9.945642210567398056e-01
1.992531399628797439e-01 9.942469990426466842e-01
2.034364745181937717e-01 9.939157357531251957e-01
2.077076384949408661e-01 9.935700791321891989e-01
2.120684758783838997e-01 9.932096843272752995e-01
2.165208693683941255e-01 9.928342146682743730e-01
2.210667411922667969e-01 9.924433426355030452e-01
2.257080539346031922e-01 9.920367508106889831e-01
2.304468113846148136e-01 9.916141328050490644e-01
2.352850594012170227e-01 9.911751941585903447e-01
2.402248867962862577e-01 9.907196532049078463e-01
2.452684262364603074e-01 9.902472418959279432e-01
2.504178551638719386e-01 9.897577065813130126e-01
2.556753967362144220e-01 9.892508087375500025e-01
2.610433207865430205e-01 9.887263256421252589e-01
2.665239448032268865e-01 9.881840509886018475e-01
2.721196349304772499e-01 9.876237954389043283e-01
2.778328069898795549e-01 9.870453871096188658e-01
2.836659275233735511e-01 9.864486719896705669e-01
2.896215148581315901e-01 9.858335142873231316e-01
2.957021401937932059e-01 9.851997967050364347e-01
3.019104287125258801e-01 9.845474206413352691e-01
3.082490607123931636e-01 9.838763063194478908e-01
3.147207727645167652e-01 9.831863928430941701e-01
3.213283588945329838e-01 9.824776381803878023e-01
3.280746717888554098e-01 9.817500190774026692e-01
3.349626240262621457e-01 9.810035309034962347e-01
3.419951893353395111e-01 9.802381874310047705e-01
3.491754038783282943e-01 9.794540205523927234e-01
3.565063675619222772e-01 9.786510799383765224e-01
3.639912453755871913e-01 9.778294326409155968e-01
3.716332687579796401e-01 9.769891626453015565e-01
3.794357369920520751e-01 9.761303703758383854e-01
3.874020186294484525e-01 9.752531721598386438e-01
3.955355529448065233e-01 9.743576996548026781e-01
4.038398514205921996e-01 9.734440992437713991e-01
4.123184992631071522e-01 9.725125314038802760e-01
4.209751569503278890e-01 9.715631700531397463e-01
4.298135618122393975e-01 9.705962018804219493e-01
4.388375296443481899e-01 9.696118256635234411e-01
4.480509563550730268e-01 9.686102515800375512e-01
4.574578196477210312e-01 9.675917005155852957e-01
4.670621807377765555e-01 9.665564033737370497e-01
4.768681861062471494e-01 9.655046003917149289e-01
4.868800692898186955e-01 9.644365404656958241e-01
4.971021527085953129e-01 9.633524804892379390e-01
5.075388495322148419e-01 9.622526847080618007e-01
5.181946655851411565e-01 9.611374240940924185e-01
5.290742012919587012e-01 9.600069757413491889e-01
5.401821536635101895e-01 9.588616222859513982e-01
5.515233183247321147e-01 9.577016513521821039e-01
5.631025915850635943e-01 9.565273550262379798e-01
5.749249725523272181e-01 9.553390293589877347e-01
5.869955652909868427e-01 9.541369738987627303e-01
5.993195810257213596e-01 9.529214912549190952e-01
6.119023403912616788e-01 9.516928866926473995e-01
6.247492757294605958e-01 9.504514677592497129e-01
6.378659334345953003e-01 9.491975439418740557e-01
6.512579763479049433e-01 9.479314263564790899e-01
6.649311862024023245e-01 9.466534274676077221e-01
6.788914661190179611e-01 9.453638608383723163e-01
6.931448431551467948e-01 9.440630409098956788e-01
7.076974709067033187e-01 9.427512828093189690e-01
7.225556321648085589e-01 9.414289021853580186e-01
7.377257416282524405e-01 9.400962150703024989e-01
7.532143486729042658e-01 9.387535377672552306e-01
7.690281401792696814e-01 9.374011867613474269e-01
7.851739434194101586e-01 9.360394786536084810e-01
8.016587290044725478e-01 9.346687301161371586e-01
8.184896138941070154e-01 9.332892578671805328e-01
8.356738644690626661e-01 9.319013786647279973e-01
8.532188996682943394e-01 9.305054093172153706e-01
8.711322941919351637e-01 9.291016667099351034e-01
8.894217817715136531e-01 9.276904678457766895e-01
9.080952585088277740e-01 9.262721298989243790e-01
9.271607862849241544e-01 9.248469702801837000e-01
9.466265962406439360e-01 9.234153067126251724e-01
9.665010923302433943e-01 9.219774573162858866e-01
9.867928549496279844e-01 9.205337407006948247e-01
1.007510644640755126e+00 9.190844760640437539e-01
1.028663405873815551e+00 9.176299832978616067e-01
1.050260270908818905e+00 9.161705830961048846e-01
1.072310563738254841e+00 9.147065970676130364e-01
1.094823804112535548e+00 9.132383478509371599e-01
1.117809711649940363e+00 9.117661592305899010e-01
1.141278210032860230e+00 9.102903562538131599e-01
1.165239431292143024e+00 9.088112653470031832e-01
1.189703720181376934e+00 9.073292144309879070e-01
1.214681638643025030e+00 9.058445330343724011e-01
1.240183970368324173e+00 9.043575524042352098e-01
1.266221725452910896e+00 9.028686056134755944e-01
1.292806145150201758e+00 9.013780276641609746e-01
1.319948706724572540e+00 8.998861555862556205e-01
1.347661128406417275e+00 8.983933285311413997e-01
1.375955374451252711e+00 8.968998878593720248e-01
1.404843660305038044e+00 8.954061772221355575e-01
1.434338457877928352e+00 8.939125426359201265e-01
1.464452500928763445e+00 8.924193325498980256e-01
1.495198790562606295e+00 8.909268979055715576e-01
1.526590600843686696e+00 8.894355921882435290e-01
1.558641484526204435e+00 8.879457714698801851e-01
1.591365278905450431e+00 8.864577944429619105e-01
1.624776111791759403e+00 8.849720224449268979e-01
1.658888407609898863e+00 8.834888194728115485e-01
1.693716893626516562e+00 8.820085521877278900e-01
1.729276606308318698e+00 8.805315899087879927e-01
1.765582897813752883e+00 8.790583045961291031e-01
1.802651442620985200e+00 8.775890708226690151e-01
1.840498244295016184e+00 8.761242657342445117e-01
1.879139642396888688e+00 8.746642689977652818e-01
1.918592319537955726e+00 8.732094627370496909e-01
1.958873308582235850e+00 8.717602314559688148e-01
2.000000000000000000e+00 8.703169619485573438e-01
