# k  (h/Mpc)    Pcb(k)  (Mpc/h)^3    Pcb_linear(k) (Mpc/h)^3   ShotnoiseSubtracted = false
      0.0156606         2.67816         2.11526 
      0.0273761          17.709         10.6636 
      0.0384619         46.1409         23.9573 
      0.0498308         73.0556         42.8373 
      0.0625568         106.932         73.0056 
      0.0751274         162.321         108.796 
      0.0867833         204.106         139.123 
      0.0984825         223.452         166.654 
       0.111151         258.395         203.472 
       0.123864         324.397         252.566 
       0.135742         368.129         299.133 
        0.14762         397.906         334.823 
       0.160083         434.625         364.893 
       0.172465         469.163          402.62 
       0.184281         465.785         450.982 
       0.196406         522.764         502.512 
       0.209011         538.369         544.442 
       0.221538         551.498         576.215 
       0.233611         575.306         610.828 
       0.245665         597.764         655.135 
       0.258103         612.336         705.129 
       0.270422         615.824         748.303 
       0.282519         641.382         782.641 
       0.294636         633.031         816.111 
       0.306978         652.184         856.098 
       0.319417         620.766         900.945 
        0.33169         657.509         943.035 
       0.343948         629.761         980.043 
       0.356249         648.546         1014.69 
       0.368458         642.095         1051.21 
        0.38068         630.678         1090.44 
       0.392856         626.482         1129.72 
       0.405069         617.858         1166.53 
       0.417459         622.147         1201.97 
       0.429752         615.827         1237.16 
       0.441978         599.481         1273.21 
       0.454294          597.25         1309.86 
        0.46658         589.233          1345.7 
       0.478753         577.077         1380.22 
       0.490964         580.334         1414.03 
       0.503334         576.055         1448.42 
       0.515665         566.857         1482.86 
       0.527909         561.453         1517.08 
       0.540159         550.028         1550.51 
        0.55248         538.277          1583.6 
       0.564743         539.217         1616.25 
        0.57686         527.695         1648.54 
       0.589077         521.099         1680.91 
       0.601441         522.489          1713.3 
        0.61382         510.041         1745.39 
       0.626067         505.928         1776.76 
       0.638306         502.919         1807.97 
       0.650632         489.611         1839.13 
       0.662899          491.52         1870.03 
       0.675076          486.25          1900.3 
       0.687267          481.84         1930.45 
       0.699615         477.197         1960.65 
       0.711937         470.753         1990.66 
       0.724148         464.262         2020.14 
       0.736433         463.299          2049.6 
       0.748747         459.127         2078.91 
       0.761037         455.723          2107.9 
       0.773197         451.861         2136.44 
       0.785376         450.589         2164.75 
       0.797761          441.57         2193.36 
       0.810096         443.142         2221.66 
       0.822371         438.531         2249.63 
       0.834626         435.571         2277.35 
       0.846916         430.628         2304.96 
       0.859215         429.707         2332.39 
       0.871383           425.3         2359.34 
        0.88363         424.216         2386.28 
       0.895928         416.017         2413.14 
       0.908253         417.047         2439.88 
       0.920535         415.231         2466.35 
       0.932774         409.617         2492.55 
        0.94508         406.096         2518.72 
       0.957324         407.728          2544.6 
        0.96953         403.121         2570.23 
       0.981769         399.992         2595.77 
       0.994071         399.002         2621.29 
         1.0064         398.098         2646.69 
        1.01868         390.652         2671.87 
        1.03092         392.608         2696.78 
         1.0432         390.135         2721.63 
        1.05553          386.88         2746.44 
        1.06777         386.456         2770.92 
           1.08         382.775         2795.23 
        1.09227         378.166         2819.49 
         1.1046          376.75         2843.71 
         1.1169         371.856         2867.74 
        1.12915         375.279         2891.51 
        1.14142          370.07         2915.21 
        1.15365         364.646         2938.69 
        1.16585         368.301         2961.98 
        1.17807         365.191         2985.17 
        1.19037         359.166         3008.39 
        1.20276         358.127         3031.65 
        1.21504         356.921         3054.58 
        1.22728         355.558         3077.29 
        1.23954         351.848         3099.94 
        1.25184         349.479         3122.51 
        1.26414         348.101         3144.97 
        1.27632         346.762         3167.11 
         1.2886          343.92          3189.3 
        1.30093         345.844         3211.46 
        1.31316         341.568         3233.34 
        1.32541         338.945         3255.12 
        1.33772         338.897         3276.91 
        1.35005         337.135         3298.62 
        1.36225         333.958         3319.99 
        1.37447         333.085          3341.3 
        1.38676         331.174         3362.61 
        1.39907         328.092         3383.86 
        1.41133         326.994         3404.92 
        1.42358         324.597         3425.85 
        1.43591         322.045         3446.84 
        1.44818         322.798         3467.61 
        1.46037         317.879         3488.15 
        1.47263         317.629         3508.71 
        1.48494         314.959         3529.26 
        1.49724         312.992          3549.7 
        1.50952         313.123            3570 
        1.52178         310.117         3590.17 
        1.53409         308.593         3610.34 
        1.54637         305.207         3630.38 
        1.55858         305.268          3650.2 
        1.57081         303.107         3669.97 
        1.58313         302.807         3689.79 
        1.59544         301.322          3709.5 
        1.60767         298.014            3729 
        1.61994         297.415         3748.49 
        1.63225         295.323         3767.94 
        1.64452         293.375         3787.25 
        1.65676         292.526         3806.41 
          1.669         290.371         3825.52 
        1.68133         289.866         3844.67 
        1.69363         288.652         3863.69 
        1.70585         286.414          3882.5 
        1.71809         283.808         3901.28 
        1.73038         283.469         3920.04 
        1.74268         283.695         3938.74 
        1.75493         279.213         3957.28 
        1.76714         279.196          3975.7 
        1.77942          277.43         3994.14 
        1.79173         276.443         4012.56 
        1.80402         273.139         4030.87 
         1.8163         273.076         4049.09 
         1.8286         271.803         4067.28 
         1.8409         269.111         4085.38 
        1.85315         269.063         4103.34 
        1.86537         266.848          4121.2 
        1.87765         265.155         4139.05 
        1.88995          264.44         4156.88 
        1.90221         263.403         4174.58 
        1.91445         261.551         4192.18 
        1.92674         260.534         4209.77 
        1.93902         259.372          4227.3 
        1.95124         257.278         4244.67 
         1.9635         256.422         4262.02 
        1.97583         254.311         4279.42 
        1.98812         253.868         4296.69 
        2.00039         251.685         4313.85 
        2.01264         250.301         4330.95 
        2.02492         248.494            4348 
        2.03717         248.144         4364.97 
        2.04942         246.973         4381.85 
        2.06171         244.837         4398.74 
        2.07397         243.955         4415.53 
        2.08629         243.153         4432.33 
        2.09857         241.211         4449.03 
        2.11081         241.334         4465.61 
        2.12309         239.054         4482.17 
        2.13538         236.748         4498.69 
        2.14763         236.045         4515.11 
        2.15986         235.252         4531.44 
        2.17214          235.12         4547.77 
        2.18443         233.632         4564.07 
        2.19671         231.662          4580.3 
        2.20898         229.867         4596.45 
        2.22126         228.876         4612.57 
        2.23354         227.474         4628.63 
         2.2458         226.551         4644.61 
        2.25807         224.866         4660.55 
        2.27035         225.507         4676.45 
        2.28263         224.199          4692.3 
         2.2949         222.373         4708.08 
        2.30718         220.818         4723.82 
        2.31946         219.049         4739.51 
        2.33169         218.722         4755.09 
        2.34393         217.438         4770.64 
        2.35622         215.283         4786.18 
        2.36847         214.727         4801.64 
        2.38076         214.413         4817.09 
        2.39305         212.605         4832.48 
        2.40534         211.625         4847.83 
        2.41762         211.277         4863.13 
        2.42989         209.818         4878.36 
        2.44216         208.632         4893.53 
         2.4544         207.913         4908.63 
        2.46667         206.346         4923.71 
        2.47897         205.269         4938.79 
        2.49124         203.556         4953.77 
        2.50349         203.462         4968.69 
        2.51578         201.348         4983.61 
        2.52805         201.768         4998.46 
        2.54029         200.401         5013.23 
        2.55257         199.765            5028 
        2.56487         198.494         5042.75 
        2.57716         197.377         5057.44 
        2.58942         196.581         5072.06 
        2.60167         194.859         5086.61 
        2.61395         193.748         5101.15 
        2.62624         192.884         5115.67 
        2.63849         192.809          5130.1 
        2.65073         190.863         5144.47 
        2.66302          189.58         5158.85 
         2.6753         188.743         5173.19 
        2.68756         187.632         5187.45 
        2.69983         187.891         5201.69 
        2.71213         185.624         5215.92 
        2.72441         186.161         5230.08 
        2.73665         184.643         5244.17 
         2.7489         183.461         5258.21 
        2.76118         182.321         5272.25 
        2.77349         181.266          5286.3 
        2.78576         180.052         5300.25 
        2.79802         180.108         5314.15 
        2.81031         178.703         5328.05 
        2.82259          177.81          5341.9 
        2.83483         176.771         5355.67 
         2.8471         176.291         5369.43 
         2.8594         174.963         5383.19 
         2.8717         174.358         5396.91 
        2.88396         173.538         5410.54 
        2.89619         172.787         5424.11 
        2.90847         171.938         5437.69 
        2.92072         170.713         5451.21 
        2.93299         170.106         5464.71 
        2.94526         169.221         5478.18 
        2.95753         168.632         5491.61 
        2.96982         167.843         5505.02 
        2.98209         166.843         5518.37 
        2.99436         166.246          5531.7 
        3.00666         165.171         5545.02 
        3.01894         164.319         5558.27 
        3.03119         163.108         5571.47 
        3.04345         162.402         5584.64 
        3.05573         161.849          5597.8 
          3.068         161.022         5610.91 
        3.08026          160.58         5623.98 
        3.09254         158.935         5637.03 
        3.10483         158.745         5650.06 
         3.1171         157.826         5663.03 
        3.12933         157.099         5675.94 
         3.1416         156.608         5688.85 
        3.15389          155.68         5701.74 
        3.16616         154.826         5714.58 
        3.17843          153.87         5727.39 
         3.1907         153.109         5740.17 
        3.20299         152.427         5752.94 
        3.21528         152.033         5765.66 
        3.22753         151.425         5778.32 
        3.23979         150.493         5790.96 
        3.25208         149.495          5803.6 
        3.26437         148.883          5816.2 
        3.27662         147.975         5828.74 
        3.28889         147.419         5841.26 
        3.30118         146.801         5853.78 
        3.31346         146.227         5866.25 
        3.32571         145.193         5878.66 
        3.33796         144.659         5891.04 
        3.35024         144.084         5903.42 
        3.36253         143.145         5915.78 
         3.3748         142.545         5928.08 
        3.38705         141.874         5940.35 
        3.39934         141.211         5952.62 
        3.41163         140.496         5964.86 
        3.42386           139.8         5977.02 
        3.43613         138.962         5989.18 
        3.44842         138.423         6001.34 
         3.4607         137.476         6013.45 
        3.47298         137.292         6025.54 
        3.48524         136.477         6037.59 
        3.49752          135.65         6049.62 
        3.50977          135.41          6061.6 
        3.52202           134.7         6073.55 
        3.53429         134.017         6085.49 
        3.54658         133.364         6097.41 
        3.55887         132.716         6109.32 
        3.57114         132.163         6121.18 
        3.58342         131.315         6133.02 
         3.5957         130.798         6144.84 
        3.60798         130.111         6156.63 
        3.62024         129.582         6168.38 
         3.6325         128.462          6180.1 
        3.64478         128.421         6191.81 
        3.65705         127.823         6203.49 
        3.66932         126.972         6215.13 
        3.68157         126.449         6226.73 
        3.69384         125.828         6238.33 
        3.70613          125.37         6249.92 
         3.7184         124.593         6261.47 
        3.73066         123.866         6272.99 
        3.74294         123.476         6284.49 
        3.75522         122.677         6295.98 
         3.7675         122.363         6307.43 
        3.77976         121.891         6318.84 
        3.79202         121.289         6330.23 
         3.8043         120.823         6341.61 
        3.81657          120.36         6352.97 
        3.82885          119.61         6364.29 
        3.84111          119.15         6375.59 
        3.85339         118.352         6386.87 
        3.86568         117.743         6398.14 
        3.87794         117.267         6409.36 
        3.89018         116.981         6420.53 
        3.90245         116.085         6431.71 
        3.91474         115.875         6442.88 
        3.92699         115.323         6453.99 
        3.93927         114.619         6465.11 
        3.95157         113.958         6476.22 
        3.96383         113.581         6487.28 
        3.97611         113.196         6498.32 
        3.98838         112.544         6509.33 
        4.00066         112.088         6520.33 
        4.01294         111.769         6531.31 
        4.02519         111.327         6542.24 
        4.03747         110.283         6553.17 
        4.04976         110.098         6564.09 
        4.06203         109.606         6574.97 
        4.07429         108.862         6585.81 
        4.08656         108.599         6596.65 
        4.09882         108.015         6607.45 
        4.11107         107.475         6618.23 
        4.12335         107.006            6629 
        4.13562         106.552         6639.75 
        4.14791         106.182         6650.49 
        4.16019         105.603         6661.19 
        4.17245         105.046         6671.87 
        4.18473         104.608         6682.54 
        4.19702         104.255         6693.19 
        4.20929         103.601         6703.81 
        4.22154         103.356         6714.39 
        4.23382         102.731         6724.97 
        4.24611         102.434         6735.54 
        4.25836         101.977         6746.06 
        4.27062         101.322         6756.56 
         4.2829         100.806         6767.06 
        4.29521         100.803         6777.56 
        4.30745         100.063         6787.99 
         4.3197         99.8022          6798.4 
        4.33199         99.2644         6808.83 
        4.34427          98.827         6819.23 
        4.35654         98.3338          6829.6 
        4.36881          97.735         6839.95 
        4.38108         97.4276         6850.28 
        4.39333         96.9478         6860.58 
        4.40559         96.5405         6870.86 
        4.41787         96.2717         6881.14 
        4.43015         96.0068          6891.4 
        4.44244         95.5121         6901.66 
        4.45471         94.9067         6911.87 
        4.46698         94.5145         6922.06 
        4.47925          94.181         6932.24 
        4.49153          93.764         6942.41 
         4.5038         93.2751         6952.54 
        4.51605         92.7022         6962.65 
        4.52833          92.306         6972.76 
        4.54063         92.0602         6982.87 
        4.55289         91.6056         6992.92 
        4.56515         91.1236         7002.96 
        4.57743         90.8766            7013 
        4.58972         90.5119         7023.02 
        4.60197         90.1281         7033.01 
        4.61424         89.5545         7042.98 
        4.62653         89.3027         7052.95 
        4.63881         89.0124         7062.89 
        4.65107         88.5944          7072.8 
        4.66332         88.1384         7082.69 
        4.67559         87.5354         7092.58 
        4.68787           87.34         7102.45 
        4.70013         86.9733         7112.29 
        4.71238         86.3579         7122.11 
        4.72466         86.0277         7131.93 
        4.73696         85.9199         7141.75 
        4.74924         85.5501         7151.53 
        4.76151         84.9689         7161.29 
        4.77378         84.9562         7171.04 
        4.78606         84.3384         7180.77 
        4.79832         84.1205         7190.48 
        4.81059          83.627         7200.17 
        4.82286         83.2974         7209.84 
        4.83514         82.9662         7219.51 
         4.8474         82.5606         7229.14 
        4.85966          82.161         7238.76 
        4.87195         81.9685         7248.38 
        4.88422         81.5145         7257.97 
        4.89647         81.3328         7267.52 
        4.90875         80.9618         7277.09 
        4.92104         80.4535         7286.64 
        4.93331          80.127         7296.17 
        4.94557         79.8159         7305.67 
        4.95785         79.5214         7315.17 
        4.97013         79.0947         7324.65 
         4.9824         78.7836         7334.11 
        4.99465         78.5236         7343.54 
        5.00694         78.1514         7352.97 
        5.01922         77.6182         7362.39 
        5.03149         77.4785         7371.79 
        5.04375         77.1283         7381.16 
        5.05603         76.8541         7390.53 
        5.06831         76.4647         7399.88 
        5.08057         76.1794          7409.2 
        5.09283         75.9442         7418.51 
         5.1051         75.5246         7427.81 
        5.11739         75.3715          7437.1 
        5.12966         74.8756         7446.37 
        5.14192         74.5084         7455.62 
        5.15418         74.2739         7464.85 
        5.16646         73.8602         7474.08 
        5.17875          73.447         7483.29 
        5.19102          73.354         7492.48 
        5.20328         72.9906         7501.66 
        5.21556         72.6789         7510.82 
        5.22784          72.434         7519.97 
        5.24012         72.1018         7529.11 
        5.25238         71.9345         7538.22 
        5.26464         71.6687         7547.31 
        5.27692         71.2608          7556.4 
        5.28918         71.0204         7565.47 
        5.30145          70.588         7574.52 
        5.31371         70.3554         7583.56 
          5.326         70.0888          7592.6 
        5.33829         69.7645         7601.62 
        5.35055         69.3856         7610.61 
        5.36282         69.0784         7619.59 
         5.3751         68.8904         7628.57 
        5.38736         68.6877         7637.52 
        5.39962         68.2878         7646.45 
         5.4119          68.128         7655.39 
        5.42419         67.8128         7664.31 
        5.43645         67.6341         7673.21 
        5.44872         67.2948         7682.09 
        5.46099         66.9787         7690.96 
        5.47326         66.6518         7699.82 
        5.48552         66.4161         7708.65 
        5.49779         66.1381         7717.48 
        5.51008         65.8938         7726.31 
        5.52237         65.6359         7735.12 
        5.53464         65.3713         7743.91 
         5.5469          64.998         7752.68 
        5.55918         64.7829         7761.44 
        5.57145          64.578         7770.19 
        5.58371         64.3582         7778.92 
        5.59596         63.8253         7787.63 
        5.60824         63.7084         7796.35 
        5.62053         63.6038         7805.06 
         5.6328         63.2686         7813.73 
        5.64507         63.0388          7822.4 
        5.65734         62.7694         7831.06 
        5.66962         62.4711         7839.71 
        5.68189         62.1545         7848.34 
        5.69415         61.9645         7856.95 
        5.70643         61.7415         7865.56 
        5.71871         61.4241         7874.16 
        5.73098         61.2482         7882.74 
        5.74325          61.102          7891.3 
        5.75551         60.7798         7899.85 
        5.76779         60.3936          7908.4 
        5.78006         60.2828         7916.93 
        5.79233         60.0045         7925.45 
        5.80461         59.7837         7933.95 
        5.81688         59.5135         7942.45 
        5.82916         59.3828         7950.93 
        5.84141              59         7959.38 
        5.85369         58.8193         7967.84 
        5.86596         58.5824         7976.28 
        5.87821         58.3413         7984.69 
        5.89048         58.1688         7993.11 
        5.90275         57.9634         8001.52 
        5.91504         57.6817         8009.92 
        5.92733         57.4256         8018.32 
         5.9396         57.2206         8026.68 
        5.95187         56.9157         8035.04 
        5.96415         56.7401         8043.39 
        5.97642         56.5845         8051.72 
        5.98868         56.2968         8060.04 
        6.00096         56.0512         8068.35 
        6.01324         55.8797         8076.65 
         6.0255         55.6298         8084.93 
        6.03777         55.4253         8093.19 
        6.05005         55.2242         8101.46 
        6.06233         55.0663         8109.72 
        6.07458         54.7561         8117.94 
        6.08685         54.5819         8126.16 
        6.09914         54.3365         8134.39 
        6.11141         54.1817         8142.59 
        6.12366         53.9052         8150.77 
        6.13593         53.6481         8158.94 
        6.14822         53.4695         8167.12 
        6.16049         53.2631         8175.28 
        6.17274         53.0979         8183.41 
        6.18501         52.9311         8191.54 
         6.1973         52.6324         8199.67 
        6.20959         52.4326         8207.79 
        6.22186         52.2219         8215.89 
        6.23412         52.0302         8223.97 
        6.24639          51.895         8232.04 
        6.25867         51.6473         8240.11 
        6.27094         51.4726         8248.16 
        6.28319         51.1607         8256.19 
        6.29547         51.0955         8264.22 
        6.30776         50.8871         8272.26 
        6.32002         50.6559         8280.26 
        6.33229         50.4367         8288.25 
        6.34456         50.2499         8296.24 
        6.35684         50.0833         8304.22 
         6.3691         49.8664         8312.18 
        6.38137         49.7012         8320.12 
        6.39365         49.4467         8328.07 
        6.40593         49.3334         8336.01 
         6.4182         49.0604         8343.93 
        6.43048           48.92         8351.84 
        6.44275         48.7254         8359.74 
        6.45501         48.5465         8367.62 
        6.46726          48.319         8375.49 
        6.47954         48.1914         8383.36 
        6.49181         48.0005         8391.21 
        6.50409         47.7499         8399.07 
        6.51637         47.6158          8406.9 
        6.52864         47.4798         8414.73 
        6.54092         47.2774         8422.54 
        6.55319         47.0288         8430.35 
        6.56546         46.8781         8438.14 
        6.57773          46.736         8445.92 
           6.59         46.5613         8453.69 
        6.60227          46.336         8461.45 
        6.61454         46.1595          8469.2 
        6.62681         45.9802         8476.94 
        6.63908         45.7878         8484.67 
        6.65136         45.6447         8492.39 
        6.66363         45.4726         8500.11 
        6.67589         45.2965          8507.8 
        6.68817         45.1643         8515.49 
        6.70045         44.9482         8523.18 
        6.71272         44.8022         8530.84 
        6.72499         44.6369         8538.51 
        6.73727          44.448         8546.16 
        6.74954         44.3373          8553.8 
        6.76181          44.153         8561.43 
        6.77408         43.9434         8569.04 
        6.78635         43.8024         8576.66 
        6.79863          43.586         8584.26 
         6.8109         43.4434         8591.85 
        6.82317         43.3221         8599.43 
        6.83544         43.0347            8607 
         6.8477         42.9563         8614.55 
        6.85997         42.7673          8622.1 
        6.87224         42.6788         8629.64 
        6.88451         42.4693         8637.18 
         6.8968         42.2588         8644.71 
        6.90907         42.1337         8652.22 
        6.92133         41.9787         8659.72 
        6.93362         41.8468         8667.22 
         6.9459         41.7133         8674.72 
        6.95816         41.5396         8682.18 
        6.97042         41.3637         8689.64 
         6.9827         41.2142         8697.11 
        6.99498         41.0346         8704.56 
        7.00725         40.8969         8711.99 
        7.01951          40.739         8719.42 
        7.03179         40.5746         8726.84 
        7.04406         40.4485         8734.25 
        7.05631         40.3274         8741.64 
        7.06858         40.1652         8749.03 
        7.08087         39.9822         8756.43 
        7.09315          39.873          8763.8 
        7.10542          39.713         8771.17 
        7.11768         39.5826         8778.52 
        7.12996          39.421         8785.87 
        7.14224         39.2806         8793.22 
        7.15451         39.1547         8800.54 
        7.16677         38.9692         8807.86 
        7.17904         38.8155         8815.17 
        7.19133         38.6888         8822.48 
         7.2036         38.5824         8829.78 
        7.21587         38.3917         8837.06 
        7.22813         38.2637         8844.34 
        7.24041         38.1253         8851.61 
        7.25268          37.956         8858.87 
        7.26495         37.8016         8866.11 
        7.27722         37.6949         8873.35 
        7.28951          37.554          8880.6 
        7.30178         37.4522         8887.82 
        7.31404         37.2805         8895.03 
        7.32631         37.1728         8902.24 
        7.33858         37.0517         8909.44 
        7.35085           36.89         8916.63 
        7.36312          36.718         8923.81 
        7.37539          36.606         8930.98 
        7.38767         36.4869         8938.15 
        7.39994         36.3222         8945.31 
        7.41221         36.2655         8952.45 
        7.42449         36.0929         8959.59 
        7.43676         35.8822         8966.73 
        7.44903         35.8192         8973.84 
        7.46129         35.7175         8980.95 
        7.47356         35.5423         8988.06 
        7.48584         35.4417         8995.16 
        7.49812         35.3108         9002.25 
        7.51039         35.1526         9009.33 
        7.52266         35.0165          9016.4 
        7.53493         34.8931         9023.46 
        7.54719         34.7779         9030.51 
        7.55947         34.6519         9037.57 
        7.57175         34.5493         9044.61 
        7.58402         34.3865         9051.64 
        7.59628         34.3049         9058.66 
        7.60856         34.1818         9065.67 
        7.62084         34.0499         9072.68 
        7.63311         33.9587         9079.68 
        7.64537         33.8297         9086.66 
        7.65763         33.6652         9093.64 
        7.66991         33.5169         9100.62 
        7.68219         33.4576         9107.59 
        7.69446         33.3054         9114.54 
        7.70674         33.1975          9121.5 
        7.71902         33.0675         9128.45 
        7.73129         32.9342         9135.38 
        7.74355         32.8347          9142.3 
        7.75582         32.7331         9149.21 
         7.7681         32.5904         9156.12 
        7.78037         32.4728         9163.03 
        7.79264         32.3405         9169.92 
        7.80492         32.2563         9176.81 
        7.81719          32.103         9183.69 
        7.82946         32.0258         9190.55 
        7.84171         31.8827         9197.41 
        7.85398         31.7984         9204.26 
        7.86626         31.6784         9211.11 
        7.87853         31.5945         9217.95 
         7.8908         31.4848         9224.78 
        7.90308         31.3474         9231.61 
        7.91536         31.2332         9238.43 
        7.92763         31.1223         9245.23 
        7.93991         31.0543         9252.04 
        7.95218         30.9085         9258.83 
        7.96444         30.8126         9265.61 
        7.97672         30.6665         9272.39 
        7.98899         30.5358         9279.16 
        8.00126         30.4551         9285.92 
        8.01354         30.3458         9292.68 
        8.02582         30.2565         9299.43 
        8.03807         30.1209         9306.16 
        8.05033          30.066         9312.88 
        8.06262         29.9092         9319.62 
         8.0749         29.8411         9326.34 
        8.08717         29.7007         9333.04 
        8.09943         29.6381         9339.74 
         8.1117         29.5155         9346.44 
        8.12398          29.413         9353.13 
        8.13625         29.2893         9359.81 
        8.14852         29.1881         9366.48 
         8.1608         29.1097         9373.15 
        8.17308         28.9967         9379.81 
        8.18534         28.9158         9386.46 
         8.1976         28.8082         9393.09 
        8.20987         28.6681         9399.73 
        8.22215         28.5611         9406.36 
        8.23442         28.4854         9412.98 
        8.24668         28.3867         9419.59 
        8.25895         28.2849          9426.2 
        8.27123         28.1895          9432.8 
        8.28351          28.087          9439.4 
        8.29579         27.9835         9445.99 
        8.30806         27.9121         9452.56 
        8.32033         27.8143         9459.14 
         8.3326          27.684          9465.7 
        8.34486         27.6009         9472.25 
        8.35714         27.5136         9478.81 
        8.36942         27.4172         9485.35 
        8.38169         27.3074         9491.89 
        8.39396          27.228         9498.42 
        8.40624         27.1382         9504.94 
        8.41851         27.0543         9511.46 
        8.43077          26.941         9517.96 
        8.44305         26.8501         9524.46 
        8.45532         26.7333         9530.96 
        8.46759         26.6749         9537.45 
        8.47986         26.5356         9543.93 
        8.49213         26.4565          9550.4 
        8.50441         26.3919         9556.87 
        8.51668         26.3075         9563.33 
        8.52895         26.1945         9569.78 
        8.54121         26.1219         9576.23 
        8.55349         25.9981         9582.67 
        8.56577         25.9327         9589.11 
        8.57804         25.8528         9595.53 
         8.5903         25.7434         9601.95 
        8.60258          25.679         9608.36 
        8.61486         25.5918         9614.77 
        8.62713         25.4994         9621.18 
        8.63939          25.393         9627.56 
        8.65165         25.3082         9633.95 
        8.66394         25.2544         9640.33 
        8.67621         25.1392         9646.71 
        8.68848         25.0613         9653.07 
        8.70076         24.9934         9659.44 
        8.71304         24.8827          9665.8 
         8.7253         24.7882         9672.14 
        8.73757         24.7071         9678.48 
        8.74985         24.6463         9684.82 
        8.76213         24.5517         9691.15 
        8.77439          24.467         9697.47 
        8.78665         24.3822         9703.78 
        8.79892         24.3028         9710.09 
         8.8112         24.2336          9716.4 
        8.82347         24.1749         9722.69 
        8.83572         24.0704         9728.97 
          8.848         23.9709         9735.26 
        8.86028         23.9154         9741.54 
        8.87256         23.8285         9747.82 
        8.88483         23.7352         9754.08 
         8.8971         23.6464         9760.34 
        8.90939         23.5676          9766.6 
        8.92165         23.5003         9772.85 
        8.93391         23.4177         9779.08 
        8.94619         23.3244         9785.32 
        8.95847         23.2436         9791.55 
        8.97073          23.167         9797.77 
          8.983         23.0995         9803.99 
        8.99528         23.0166          9810.2 
        9.00756         22.9383         9816.41 
        9.01982          22.872          9822.6 
        9.03208         22.7821         9828.79 
        9.04437         22.7214         9834.98 
        9.05664         22.6316         9841.16 
         9.0689         22.5548         9847.33 
        9.08118         22.5176          9853.5 
        9.09345         22.4064         9859.67 
        9.10573         22.3454         9865.83 
          9.118         22.2598         9871.97 
        9.13026          22.208         9878.12 
        9.14254          22.122         9884.25 
        9.15482         22.0333         9890.39 
        9.16709         21.9737         9896.52 
        9.17936         21.8901         9902.64 
        9.19164         21.8308         9908.75 
         9.2039         21.7661         9914.86 
        9.21617         21.6792         9920.96 
        9.22844         21.6077         9927.06 
        9.24071         21.5436         9933.15 
        9.25299         21.4697         9939.23 
        9.26526         21.4097         9945.31 
        9.27753         21.3181         9951.39 
        9.28981         21.2454         9957.46 
        9.30208         21.1962         9963.52 
        9.31434         21.0947         9969.57 
        9.32662          21.043         9975.62 
        9.33889         20.9956         9981.67 
        9.35115         20.9173          9987.7 
        9.36343         20.8185         9993.74 
        9.37571         20.7777         9999.77 
        9.38798         20.7025         10005.8 
        9.40024         20.6448         10011.8 
        9.41251         20.5713         10017.8 
        9.42479          20.498         10023.8 
        9.43706         20.4284         10029.8 
        9.44934         20.3566         10035.8 
        9.46161         20.3176         10041.8 
        9.47388         20.2514         10047.8 
        9.48615          20.162         10053.8 
        9.49843         20.1015         10059.7 
         9.5107         20.0382         10065.7 
        9.52296           19.99         10071.6 
        9.53524         19.9152         10077.6 
        9.54752          19.861         10083.6 
        9.55978         19.8012         10089.5 
        9.57205         19.7344         10095.4 
        9.58433         19.6679         10101.4 
         9.5966         19.5947         10107.3 
        9.60886         19.5171         10113.2 
        9.62113         19.4775         10119.1 
        9.63341         19.4121           10125 
        9.64569         19.3511         10130.9 
        9.65796         19.2826         10136.8 
        9.67022         19.2109         10142.7 
         9.6825          19.154         10148.6 
        9.69478         19.0862         10154.5 
        9.70704         19.0271         10160.4 
        9.71931         18.9707         10166.2 
        9.73158         18.9111         10172.1 
        9.74386         18.8583           10178 
        9.75613         18.7938         10183.8 
         9.7684         18.7224         10189.7 
        9.78068         18.6668         10195.5 
        9.79295         18.6008         10201.3 
        9.80522         18.5806         10207.2 
        9.81748         18.5103           10213 
        9.82975         18.4553         10218.8 
        9.84203         18.3757         10224.6 
        9.85431         18.3446         10230.4 
        9.86657         18.2737         10236.2 
        9.87885          18.231           10242 
        9.89113         18.1597         10247.8 
         9.9034          18.099         10253.6 
        9.91567         18.0245         10259.4 
        9.92794         17.9905         10265.2 
        9.94022         17.9335           10271 
        9.95249         17.8869         10276.7 
        9.96475         17.8124         10282.5 
        9.97702          17.766         10288.3 
         9.9893         17.7045           10294 
        10.0016         17.6431         10299.7 
        10.0138         17.5892         10305.5 
        10.0261         17.5441         10311.2 
        10.0384         17.5057           10317 
        10.0507         17.4373         10322.7 
        10.0629         17.3846         10328.4 
        10.0752          17.326         10334.1 
        10.0875         17.2743         10339.8 
        10.0997         17.2327         10345.5 
         10.112         17.1508         10351.2 
        10.1243         17.0985         10356.9 
        10.1366         17.0726         10362.6 
        10.1488         17.0189         10368.3 
        10.1611         16.9584           10374 
        10.1734         16.9051         10379.7 
        10.1856         16.8536         10385.3 
        10.1979         16.8055           10391 
        10.2102         16.7481         10396.7 
        10.2225         16.7103         10402.3 
        10.2347         16.6596           10408 
         10.247         16.6005         10413.6 
        10.2593         16.5463         10419.2 
        10.2715         16.5183         10424.9 
        10.2838         16.4569         10430.5 
        10.2961         16.4032         10436.1 
        10.3084         16.3609         10441.7 
        10.3206         16.3137         10447.4 
        10.3329         16.2669           10453 
        10.3452         16.2145         10458.6 
        10.3574         16.1631         10464.2 
        10.3697         16.1319         10469.8 
         10.382         16.0715         10475.4 
        10.3943         16.0329         10480.9 
        10.4065         15.9815         10486.5 
        10.4188         15.9363         10492.1 
        10.4311         15.8778         10497.7 
        10.4434         15.8187         10503.2 
        10.4556         15.7908         10508.8 
        10.4679         15.7587         10514.4 
        10.4802         15.6933         10519.9 
        10.4924         15.6445         10525.5 
        10.5047         15.6047           10531 
         10.517         15.5683         10536.5 
        10.5293         15.5271         10542.1 
        10.5415         15.4763         10547.6 
        10.5538         15.4179         10553.1 
        10.5661         15.3825         10558.6 
        10.5783         15.3438         10564.1 
        10.5906          15.291         10569.6 
        10.6029         15.2458         10575.1 
        10.6151         15.2079         10580.6 
        10.6274         15.1535         10586.1 
        10.6397         15.1156         10591.6 
         10.652         15.0648         10597.1 
        10.6643         15.0349         10602.6 
        10.6765          14.984         10608.1 
        10.6888         14.9593         10613.5 
        10.7011         14.9017           10619 
        10.7133         14.8804         10624.5 
        10.7256         14.8325         10629.9 
        10.7379         14.7742         10635.4 
        10.7501         14.7456         10640.8 
        10.7624         14.7078         10646.3 
        10.7747         14.6584         10651.7 
         10.787         14.6164         10657.1 
        10.7992         14.5916         10662.5 
        10.8115          14.537           10668 
        10.8238         14.4979         10673.4 
        10.8361         14.4588         10678.8 
        10.8483         14.4212         10684.2 
        10.8606         14.3786         10689.6 
        10.8729         14.3429           10695 
        10.8851         14.3204         10700.4 
        10.8974         14.2525         10705.8 
        10.9097         14.2288         10711.2 
         10.922         14.1884         10716.6 
        10.9342         14.1506           10722 
        10.9465          14.101         10727.3 
        10.9588         14.0821         10732.7 
         10.971         14.0359         10738.1 
        10.9833         13.9942         10743.4 
        10.9956         13.9611         10748.8 
        11.0079         13.9293         10754.1 
        11.0201         13.8899         10759.5 
        11.0324         13.8497         10764.8 
        11.0447         13.8259         10770.2 
        11.0569         13.7988         10775.5 
        11.0692         13.7421         10780.8 
        11.0815          13.716         10786.2 
        11.0938         13.6735         10791.5 
         11.106         13.6332         10796.8 
        11.1183         13.6107         10802.1 
        11.1306         13.5771         10807.4 
        11.1429         13.5456         10812.7 
        11.1551         13.5058           10818 
        11.1674         13.4682         10823.3 
        11.1797         13.4347         10828.6 
        11.1919         13.3901         10833.9 
        11.2042         13.3809         10839.2 
        11.2165         13.3348         10844.5 
        11.2288          13.294         10849.7 
         11.241         13.2653           10855 
        11.2533         13.2396         10860.3 
        11.2656         13.2024         10865.5 
        11.2778         13.1773         10870.8 
        11.2901         13.1361         10876.1 
        11.3024         13.1136         10881.3 
        11.3147         13.0778         10886.6 
        11.3269         13.0532         10891.8 
        11.3392         13.0097           10897 
        11.3515         12.9934         10902.3 
        11.3637         12.9427         10907.5 
         11.376         12.9148         10912.7 
        11.3883         12.8956         10917.9 
        11.4006         12.8698         10923.2 
        11.4128         12.8314         10928.4 
        11.4251         12.8059         10933.6 
        11.4374         12.7785         10938.8 
        11.4496         12.7445           10944 
        11.4619          12.714         10949.2 
        11.4742         12.6869         10954.4 
        11.4864         12.6672         10959.5 
        11.4987         12.6288         10964.7 
         11.511         12.6135         10969.9 
        11.5233         12.5786         10975.1 
        11.5355         12.5368         10980.3 
        11.5478         12.5239         10985.4 
        11.5601         12.4972         10990.6 
        11.5724         12.4646         10995.8 
        11.5846         12.4381         11000.9 
        11.5969         12.4122         11006.1 
        11.6092         12.3901         11011.2 
        11.6215         12.3627         11016.4 
        11.6337         12.3378         11021.5 
         11.646         12.3082         11026.6 
        11.6583         12.2798         11031.8 
        11.6705         12.2647         11036.9 
        11.6828         12.2385           11042 
        11.6951         12.2053         11047.1 
        11.7074          12.187         11052.2 
        11.7196          12.162         11057.4 
        11.7319         12.1351         11062.5 
        11.7442         12.1072         11067.6 
        11.7564         12.0879         11072.7 
        11.7687         12.0652         11077.8 
         11.781         12.0404         11082.9 
        11.7932         12.0193         11087.9 
        11.8055         11.9929           11093 
        11.8178         11.9728         11098.1 
        11.8301         11.9496         11103.2 
        11.8423         11.9191         11108.3 
        11.8546         11.9079         11113.3 
        11.8669         11.8728         11118.4 
        11.8792         11.8568         11123.4 
        11.8914          11.843         11128.5 
        11.9037         11.8134         11133.6 
         11.916         11.7937         11138.6 
        11.9282         11.7736         11143.7 
        11.9405         11.7581         11148.7 
        11.9528         11.7426         11153.7 
        11.9651         11.7076         11158.8 
        11.9773         11.7023         11163.8 
        11.9896         11.6842         11168.8 
        12.0019          11.657         11173.8 
        12.0141         11.6369         11178.9 
        12.0264         11.6202         11183.9 
        12.0387         11.5972         11188.9 
         12.051         11.5794         11193.9 
        12.0632         11.5621         11198.9 
        12.0755         11.5394         11203.9 
        12.0878         11.5204         11208.9 
        12.1001         11.5088         11213.9 
        12.1123         11.4953         11218.9 
        12.1246         11.4819         11223.9 
        12.1369         11.4603         11228.8 
        12.1491         11.4411         11233.8 
        12.1614         11.4338         11238.8 
        12.1737         11.4107         11243.7 
         12.186         11.3965         11248.7 
        12.1982         11.3737         11253.7 
        12.2105         11.3605         11258.6 
        12.2228         11.3543         11263.6 
         12.235         11.3401         11268.5 
        12.2473         11.3268         11273.5 
        12.2596         11.3084         11278.4 
        12.2719          11.292         11283.4 
        12.2841         11.2732         11288.3 
        12.2964         11.2693         11293.2 
        12.3087         11.2549         11298.2 
        12.3209         11.2288         11303.1 
        12.3332         11.2215           11308 
        12.3455         11.2178         11312.9 
        12.3577         11.1969         11317.8 
          12.37         11.1943         11322.7 
        12.3823         11.1714         11327.6 
        12.3946         11.1677         11332.5 
        12.4068          11.149         11337.4 
        12.4191         11.1437         11342.3 
        12.4314         11.1305         11347.2 
        12.4437         11.1219         11352.1 
        12.4559         11.1124           11357 
        12.4682         11.1028         11361.9 
        12.4805         11.0926         11366.8 
        12.4928          11.081         11371.6 
         12.505         11.0764         11376.5 
        12.5173          11.056         11381.4 
        12.5296         11.0519         11386.2 
        12.5418           11.05         11391.1 
        12.5541          11.045         11395.9 
        12.5664         11.0227         11400.8 

