0.00628319  4524.15  6514.045  10176.2  18083.199999999997
0.00888577  5454.46  7853.275  12267.55  21796.95
0.0108828  5916.305  8516.96  13300.5  23618.0
0.013753  6279.405000000001  9038.685  14112.55  25049.5
0.0153906  6368.530000000001  9165.235  14305.150000000001  25372.55
0.0185416  6335.389999999999  9116.744999999999  14227.2  25225.800000000003
0.0205557  6213.735000000001  8942.349999999999  13956.849999999999  24754.35
0.0232244  5963.165  8578.195  13378.400000000001  23690.199999999997
0.0264146  5583.54  8029.955  12517.15  22141.550000000003
0.0296332  5165.360000000001  7428.725  11580.45  20486.8
0.0332124  4700.385  6759.395  10535.4  18632.55
0.0373717  4210.71  6056.82  9444.795  16721.949999999997
0.0421062  3736.94  5370.27  8359.765  14747.05
0.0473452  3347.04  4808.68  7481.885  13185.75
0.0529934  3056.575  4391.71  6833.9  12046.7
0.0593882  2823.02  4057.0699999999997  6315.6900000000005  11143.4
0.0666388  2598.7200000000003  3733.3450000000003  5807.57  10230.75
0.0749294  2309.475  3313.545  5142.74  9018.71
0.0840928  1955.06  2807.165  4362.48  7672.18
0.0944721  1593.75  2294.355  3581.6400000000003  6354.65
0.106055  1323.065  1911.0  2999.885  5378.8099999999995
0.118899  1164.31  1681.365  2638.24  4726.75
0.133412  1026.6399999999999  1480.72  2319.38  4150.35
0.149682  843.3405  1223.005  1931.905  3503.0
0.167916  680.023  994.196  1590.8000000000002  2948.01
0.188289  587.0065  860.2425000000001  1382.0500000000002  2581.7700000000004
0.211224  490.10450000000003  722.3395  1170.5749999999998  2218.245
0.236964  398.12850000000003  592.637  974.731  1890.925
0.265932  333.788  499.4835  829.5635  1639.94
0.29843  274.913  416.648  703.7860000000001  1422.71
0.334885  228.82049999999998  350.326  600.9235  1243.28
0.375779  190.047  294.83450000000005  514.9525000000001  1091.075
0.421573  158.18599999999998  248.769  442.90099999999995  963.2545
0.473028  131.8585  210.5755  382.85699999999997  856.0185
0.53074  110.872  179.86950000000002  333.5655  762.9825000000001
0.595434  93.07560000000001  153.74450000000002  291.66700000000003  684.628
0.668102  78.55105  132.072  255.92000000000002  615.2570000000001
0.749623  66.75345  114.15950000000001  225.327  551.439
0.841093  56.946799999999996  99.1489  199.1535  496.3365
0.943751  48.81595  86.55160000000001  176.5915  444.5165
1.0589  42.09115  75.7912  156.65449999999998  396.799
1.18812  36.45295  66.6157  138.9325  352.3555
1.33309  31.7057  58.65945  122.8005  310.63599999999997
1.49573  27.64835  51.6178  108.09899999999999  271.387
1.67825  24.1685  45.3697  94.54485  234.7385
1.88302  21.139  39.72585  82.025  201.17000000000002
2.11277  18.4731  34.61755  70.50675  170.772
2.37057  16.101550000000003  29.959249999999997  59.98865  143.733
2.65984  13.9771  25.70635  50.5489  119.9885
2.98439  12.0566  21.8515  42.16975  99.44135
3.34853  10.3253  18.3899  34.866699999999994  81.9288
3.75711  8.76906  15.32925  28.60105  67.1294
4.21555  7.391245  12.684000000000001  23.3209  54.8287
4.72993  6.206049999999999  10.4572  19.0042  44.80675
5.30706  5.256005  8.699455  15.657399999999999  37.04915
5.95462  4.65238  7.5692  13.51565  32.100300000000004
6.35917  4.54087  7.32144  13.019549999999999  30.97705
