0.0108828  2.867639231953908  1.2189407851763006  2.8688436592651625  1.2225692104452035  2.870870038421916  1.228287346212318  2.875324901882053  1.2379299796782395
0.0144808  1.8702171450865226  0.7541393670548477  1.8720389090997354  0.7571816061302183  1.8744402268671294  0.7612660116427464  1.8790971729734522  0.7671888710802868
0.0185415  2.3372892528673015  0.38053193383475253  2.3382355088442432  0.38113551475677343  2.339090736103132  0.382240589602013  2.3404953073630295  0.3833622285765932
0.0220569  2.698348987119139  0.6819329539948116  2.6986168728851214  0.6827310428572896  2.6990809568160667  0.6839153610158271  2.7003072411234124  0.6861408116308166
0.0282433  2.3583426230715476  0.39447520083225157  2.357896319725341  0.3944515831413953  2.3573058658447463  0.394375378569615  2.356372749450025  0.3946257828567864
0.0355304  2.455300045726111  0.2585502406578593  2.453647597299187  0.2580716172694723  2.451048441380096  0.2575135746576653  2.446779920356942  0.25652673623530314
0.0450114  2.6307171452255327  0.20554655835865734  2.62873195852901  0.20607795339124854  2.625443743069618  0.20695174530770158  2.6196552133813853  0.20854181034134228
0.0567436  2.4383210538000055  0.13126801667468815  2.436008983437662  0.13237632354300424  2.4325724343048263  0.13411094922973918  2.427232576980344  0.13717193237055333
0.0715163  2.5956538593070206  0.07739921621847926  2.591300280842293  0.07849149315479459  2.583969851613001  0.08038995954717196  2.5713373940068274  0.08348134340673495
0.0903332  2.755246004847513  0.07446124242430582  2.7475288486972107  0.0734029796263616  2.734716436475781  0.07153393665544776  2.7111804007552793  0.0684023900193036
0.113656  2.7139212961723045  0.0665860746048692  2.709383671800075  0.06525586711682423  2.7021457318729496  0.06296480654390028  2.6900106686294016  0.059214927717287175
0.142953  2.682999350267614  0.04166367775542175  2.678506785084339  0.04067616896385025  2.671695648701605  0.03953033656241487  2.662257049272208  0.03775136088613394
0.179818  2.899556777937942  0.04140068264827309  2.8881947713329548  0.040483698183825176  2.8699313914520306  0.03781849323221875  2.838962020941527  0.029805965913498773
0.226261  2.785643411502032  0.02162697478642839  2.7852429136856114  0.019568363888370178  2.7836083243266896  0.017105013199991588  2.779777995152808  0.019086155240631206
0.284909  2.9369064119604347  0.01178052842552949  2.933786438202337  0.012209222775915815  2.9253238733118474  0.014377402900194928  2.903126885521313  0.018221203932366585
0.35879  2.94925142039403  0.011314134681733864  2.9497419333156802  0.011122125168535855  2.945342949635265  0.010806968167632908  2.9283225256493757  0.014676445228035307
0.451732  3.0431512133137266  0.009559604107254968  3.043400925898271  0.009921795979516063  3.031967434371744  0.009733257373354865  2.9862515881871343  0.01254155915773452
0.568619  3.1018221012522584  0.005107607162320858  3.100783995036652  0.007317336059907856  3.0833977365320893  0.009412830463077695  3.0157411021519662  0.014366981004680696
0.715801  3.1921310010433204  0.006525169457635117  3.1771756706796115  0.006898233820919513  3.1375972702691834  0.012798759038556897  3.0202845583133753  0.017600336907324755
0.901188  3.2683486327387534  0.005215667479908845  3.233650341372374  0.005931700885731399  3.1605268593666347  0.0075928948177178615  2.989115273150594  0.018409310998243455
1.13456  3.3431390714643165  0.00612332304192172  3.271016526579345  0.009458001375464766  3.1498355219546545  0.00862243827490046  2.914329889421311  0.020691247599123542
1.42832  3.394851863449147  0.005385097322571368  3.2728905957685597  0.007884254288338407  3.0918489155425215  0.0105082094614988  2.8050394551120013  0.01539094369066491
1.79813  3.4124784791726057  0.0076558176631453135  3.229190363299955  0.006889679463240198  2.9913890381755044  0.008020928725032298  2.671134697108866  0.010369634398644276
2.26372  3.3865131184077697  0.007292026763038742  3.1289700470412054  0.007801135371238502  2.8525970233203917  0.012788947642228111  2.5264651434667806  0.012145851570607838
2.84985  3.3063411064781647  0.007543192848206105  2.985859003348456  0.006613406561061755  2.7005458636521404  0.013682138775157204  2.3851142651456803  0.014047411705111373
3.58775  3.1748263508353523  0.008692763278022313  2.8166112376972983  0.006167878787757466  2.549903158169943  0.01619839740613872  2.2618129356728423  0.020286476091113247
